1021
11420
22612
13393
25954
12358
28728
18463
12504
778
17895
5338
15627
20368
18556
6641
17389
14905
7019
13886
18086
27474
32151
1174
27948
530
8924
29363
250
27190
19096
1135
27626
32294
17832
27790
13826
30698
25090
12893
16218
27329
28824
21631
11933
26199
14453
12274
25689
24339
6025
29764
15024
21101
8411
20992
21758
14824
29239
17264
13594
973
19779
6324
12155
2485
2900
5659
28
23753
15772
7781
19839
2398
7667
24543
24033
13749
20583
19566
4084
5798
7814
11345
18315
5003
12739
20994
12261
6268
17015
14412
23396
12657
14158
12367
23816
3579
2196
469
26095
26155
19336
7635
22956
19877
12128
446
13460
5751
12082
13259
10102
22748
4347
31224
11159
6134
29522
16083
11758
3974
19315
13550
11064
2417
5388
6829
1157
23665
8906
17130
19393
10329
4077
18280
13203
18925
3482
12910
2060
7281
2390
8782
29347
841
22144
18348
18421
19486
