       28080
       20018
       15887
       17502
       35441
       33097
       30067
        5887
       10704
        2271
       28162
       36818
       35090
       47833
       41584
       29417
       65456
       43306
       36362
       29060
       17273
       61157
       30930
       39853
       57461
       49377
       49221
       44812
       61513
        2401
        1487
       13597
        4119
       50735
       57335
       43263
       50206
       63102
       58812
       37959
       62011
       59064
        8216
        6012
       63945
       57976
       11528
        7363
       50683
       39159
       21313
       63213
       31561
       59899
       44220
       44849
       42873
       37555
        1545
        3415
       52968
       47887
       60921
       29408
       28179
       35071
       58671
       56671
        2263
       62336
        7037
       33222
        9497
       62541
       13430
       25121
       21847
       30248
       35187
       49920
       54621
       15543
       15835
       27434
       34818
       12964
       43610
        5117
       50522
       31507
       17609
       44385
       16389
       51413
       19388
       25018
         216
        6619
       12840
       31697
       29714
         476
       18598
        6150
       57790
       58727
       39487
       38123
       30215
       16500
       34365
       39258
       60867
       52587
       44639
       39500
       63463
       48228
         234
       15960
       16542
        5354
       48692
        4948
        9412
       12053
       41481
       10423
       20923
       48574
       12749
       42562
       24865
        4938
       41397
       44362
         846
        5120
       50264
       13150
        4780
       33224
        7277
       12849
       58673
       15124
       24556
       52516
       40389
        9285
